xof 0303txt 0032

template XSkinMeshHeader {
  <3cf169ce-ff7c-44ab-93c0-f78f62d172e2>
  WORD nMaxSkinWeightsPerVertex;
  WORD nMaxSkinWeightsPerFace;
  WORD nBones;
}

template SkinWeights {
  <6f0d123b-bad2-4167-a0d0-80224f25fabb>
  STRING transformNodeName;
  DWORD nWeights;
  array DWORD vertexIndices[nWeights];
  array float weights[nWeights];
  Matrix4x4 matrixOffset;
}

Frame Root {
  FrameTransformMatrix {
     1.000000, 0.000000, 0.000000, 0.000000,
     0.000000,-0.000000, 1.000000, 0.000000,
     0.000000, 1.000000, 0.000000, 0.000000,
     0.000000, 0.000000, 0.000000, 1.000000;;
  }
  Frame Armature {
    FrameTransformMatrix {
       1.000000, 0.000000, 0.000000, 0.000000,
       0.000000, 1.000000, 0.000000, 0.000000,
       0.000000, 0.000000, 1.000000, 0.000000,
       0.000000, 0.000000, 0.000000, 1.000000;;
    }
    Frame Armature_Bone {
      FrameTransformMatrix {
        -0.712859, 0.031999, 0.700577, 0.000000,
        -0.700936,-0.000000,-0.713224, 0.000000,
        -0.022823,-0.999488, 0.022429, 0.000000,
         0.000000, 0.000000, 0.700000, 1.000000;;
      }
      Frame Armature_Bone_001 {
        FrameTransformMatrix {
           0.031455,-0.030484,-0.999040, 0.000000,
           0.999337,-0.017377, 0.031994, 0.000000,
          -0.018336,-0.999384, 0.029917, 0.000000,
           0.000000, 0.981459,-0.000000, 1.000000;;
        }
        Frame Armature_Bone_002 {
          FrameTransformMatrix {
             0.998320,-0.049814,-0.029585, 0.000000,
            -0.030484,-0.017377,-0.999384, 0.000000,
             0.049269, 0.998607,-0.018866, 0.000000,
             0.000000, 0.981459, 0.000000, 1.000000;;
          }
          Frame Armature_Bone_003 {
            FrameTransformMatrix {
               0.998758,-0.000000, 0.049822, 0.000000,
              -0.049820,-0.008689, 0.998720, 0.000000,
               0.000433,-0.999962,-0.008678, 0.000000,
              -0.000000, 0.981459, 0.000000, 1.000000;;
            }
            Frame Armature_Bone_004 {
              FrameTransformMatrix {
                 1.000000,-0.000000,-0.000000, 0.000000,
                -0.000000,-0.014760,-0.999891, 0.000000,
                 0.000000, 0.999891,-0.014760, 0.000000,
                -0.000000, 0.989949, 0.000000, 1.000000;;
              }
              Frame Armature_Bone_005 {
                FrameTransformMatrix {
                   1.000000, 0.000000, 0.000000, 0.000000,
                  -0.000000,-0.036212, 0.999344, 0.000000,
                   0.000000,-0.999344,-0.036212, 0.000000,
                  -0.000000, 0.978820,-0.000000, 1.000000;;
                }
                Frame Armature_Bone_006 {
                  FrameTransformMatrix {
                     1.000000, 0.000000, 0.000000, 0.000000,
                     0.000000,-0.026457,-0.999650, 0.000000,
                    -0.000000, 0.999650,-0.026457, 0.000000,
                    -0.000000, 0.972516, 0.000000, 1.000000;;
                  }
                  Frame Armature_Bone_007 {
                    FrameTransformMatrix {
                       1.000000, 0.000000,-0.000000, 0.000000,
                       0.000000,-0.019113, 0.999817, 0.000000,
                       0.000000,-0.999817,-0.019113, 0.000000,
                      -0.000000, 0.985036, 0.000000, 1.000000;;
                    }
                    Frame Armature_Bone_008 {
                      FrameTransformMatrix {
                         1.000000, 0.000000, 0.000000, 0.000000,
                         0.000000,-0.012570,-0.999921, 0.000000,
                        -0.000000, 0.999921,-0.012570, 0.000000,
                         0.000000, 0.976268,-0.000000, 1.000000;;
                      }
                      Frame Armature_Bone_009 {
                        FrameTransformMatrix {
                           1.000000,-0.000000,-0.000000, 0.000000,
                           0.000000,-0.017361, 0.999849, 0.000000,
                          -0.000000,-0.999849,-0.017362, 0.000000,
                          -0.000000, 0.991481, 0.000000, 1.000000;;
                        }
                        Frame Armature_Bone_010 {
                          FrameTransformMatrix {
                             1.000000,-0.000000,-0.000000, 0.000000,
                            -0.000000,-0.022007,-0.999758, 0.000000,
                             0.000000, 0.999758,-0.022007, 0.000000,
                            -0.000000, 0.971752,-0.000000, 1.000000;;
                          }
                          Frame Armature_Bone_011 {
                            FrameTransformMatrix {
                               1.000000,-0.000000, 0.000000, 0.000000,
                              -0.000000,-0.006205, 0.999981, 0.000000,
                              -0.000000,-0.999981,-0.006205, 0.000000,
                              -0.000000, 0.986892,-0.000001, 1.000000;;
                            }
                            Frame Armature_Bone_012 {
                              FrameTransformMatrix {
                                 1.000000, 0.000000,-0.000000, 0.000000,
                                -0.000000,-0.017215,-0.999852, 0.000000,
                                -0.000000, 0.999852,-0.017215, 0.000000,
                                 0.000000, 0.986892, 0.000000, 1.000000;;
                              }
                              Frame Armature_Bone_013 {
                                FrameTransformMatrix {
                                   1.000000, 0.000000,-0.000000, 0.000000,
                                   0.000000,-0.023774, 0.999717, 0.000000,
                                   0.000000,-0.999717,-0.023774, 0.000000,
                                   0.000000, 0.976268,-0.000000, 1.000000;;
                                }
                                Frame Armature_Bone_014 {
                                  FrameTransformMatrix {
                                     1.000000,-0.000000, 0.000000, 0.000000,
                                     0.000000,-0.009662,-0.999953, 0.000000,
                                     0.000000, 0.999953,-0.009662, 0.000000,
                                    -0.000000, 0.980521, 0.000000, 1.000000;;
                                  }
                                  Frame Armature_Bone_015 {
                                    FrameTransformMatrix {
                                       1.000000,-0.000000, 0.000000, 0.000000,
                                      -0.000000,-0.021893, 0.999760, 0.000000,
                                      -0.000000,-0.999760,-0.021893, 0.000000,
                                       0.000000, 0.989949, 0.000000, 1.000000;;
                                    }
                                  } // End of Armature_Bone_015
                                } // End of Armature_Bone_014
                              } // End of Armature_Bone_013
                            } // End of Armature_Bone_012
                          } // End of Armature_Bone_011
                        } // End of Armature_Bone_010
                      } // End of Armature_Bone_009
                    } // End of Armature_Bone_008
                  } // End of Armature_Bone_007
                } // End of Armature_Bone_006
              } // End of Armature_Bone_005
            } // End of Armature_Bone_004
          } // End of Armature_Bone_003
        } // End of Armature_Bone_002
      } // End of Armature_Bone_001
    } // End of Armature_Bone
    Frame Cube {
      FrameTransformMatrix {
         1.000000, 0.000000, 0.000000, 0.000000,
         0.000000, 1.000000, 0.000000, 0.000000,
         0.000000, 0.000000, 1.000000, 0.000000,
         0.000000, 0.000000, 0.000000, 1.000000;;
      }
      Mesh { // Cube mesh
        0;
        0;
        MeshNormals { // Cube normals
          0;
          0;
        } // End of Cube normals
        MeshTextureCoords { // Cube UV coordinates
          0;
        } // End of Cube UV coordinates
        MeshMaterialList { // Cube material list
          0;
          0;
        } // End of Cube material list
        MeshVertexColors { // Cube vertex colors
          0;
        } // End of Cube vertex colors
        XSkinMeshHeader {
          0;
          0;
          16;
        }
        SkinWeights {
          "Armature_Bone_003";
          0;
           0.000000,-0.707107, 0.707107, 0.000000,
           1.000000,-0.000000,-0.000000, 0.000000,
           0.000000, 0.707107, 0.707107, 0.000000,
           0.000000,-1.459342, 1.459341, 1.000000;;
        } // End of Armature_Bone_003 skin weights
        SkinWeights {
          "Armature_Bone_010";
          0;
           0.000000,-0.704910,-0.709298, 0.000000,
           1.000000, 0.000000, 0.000000, 0.000000,
          -0.000000,-0.709297, 0.704910, 0.000000,
           0.000002,-4.344918,-5.364998, 1.000000;;
        } // End of Armature_Bone_010 skin weights
        SkinWeights {
          "Armature_Bone_012";
          0;
          -0.000000,-0.697057,-0.717016, 0.000000,
           1.000000, 0.000000,-0.000000, 0.000000,
           0.000000,-0.717016, 0.697057, 0.000000,
          -0.000001,-5.255422,-6.410127, 1.000000;;
        } // End of Armature_Bone_012 skin weights
        SkinWeights {
          "Armature_Bone_007";
          0;
          -0.000000,-0.697057, 0.717017, 0.000000,
           1.000000,-0.000000, 0.000000, 0.000000,
          -0.000000, 0.717016, 0.697056, 0.000000,
          -0.000000,-3.353855, 3.449889, 1.000000;;
        } // End of Armature_Bone_007 skin weights
        SkinWeights {
          "Armature_Bone_004";
          0;
           0.000000,-0.696593,-0.717467, 0.000000,
           1.000000, 0.000000,-0.000000, 0.000000,
          -0.000000,-0.717466, 0.696593, 0.000000,
           0.000000,-1.423032,-2.470564, 1.000000;;
        } // End of Armature_Bone_004 skin weights
        SkinWeights {
          "Armature_Bone_008";
          0;
          -0.000000,-0.708198,-0.706015, 0.000000,
           1.000000, 0.000000,-0.000000, 0.000000,
           0.000000,-0.706014, 0.708198, 0.000000,
          -0.000001,-3.395188,-4.373145, 1.000000;;
        } // End of Armature_Bone_008 skin weights
        SkinWeights {
          "Armature_Bone_013";
          0;
          -0.000000,-0.700242, 0.713907, 0.000000,
           1.000000,-0.000000, 0.000000, 0.000000,
          -0.000000, 0.713906, 0.700241, 0.000000,
          -0.000002,-6.260163, 6.382325, 1.000000;;
        } // End of Armature_Bone_013 skin weights
        SkinWeights {
          "Armature_Bone_014";
          0;
           0.000000,-0.707107,-0.707107, 0.000000,
           1.000000, 0.000000, 0.000000, 0.000000,
          -0.000000,-0.707107, 0.707107, 0.000000,
           0.000002,-6.312066,-7.302014, 1.000000;;
        } // End of Armature_Bone_014 skin weights
        SkinWeights {
          "Armature_Bone";
          0;
          -0.712859,-0.700936,-0.022823, 0.000000,
           0.031999, 0.000000,-0.999488, 0.000000,
           0.700577,-0.713224, 0.022430, 0.000000,
          -0.490404, 0.499257,-0.015701, 1.000000;;
        } // End of Armature_Bone skin weights
        SkinWeights {
          "Armature_Bone_009";
          0;
           0.000000,-0.693613, 0.720349, 0.000000,
           1.000000,-0.000000,-0.000000, 0.000000,
           0.000000, 0.720349, 0.693612, 0.000000,
           0.000000,-4.296328, 4.461933, 1.000000;;
        } // End of Armature_Bone_009 skin weights
        SkinWeights {
          "Armature_Bone_001";
          0;
           0.021745,-0.700936, 0.712893, 0.000000,
           0.999535,-0.000000,-0.030489, 0.000000,
           0.021371, 0.713224, 0.700610, 0.000000,
           0.014959,-0.482202, 0.490427, 1.000000;;
        } // End of Armature_Bone_001 skin weights
        SkinWeights {
          "Armature_Bone_002";
          0;
           0.035534,-0.700936,-0.712339, 0.000000,
           0.998758, 0.000000, 0.049821, 0.000000,
          -0.034922,-0.713224, 0.700066, 0.000000,
           0.073336,-0.465147,-1.470138, 1.000000;;
        } // End of Armature_Bone_002 skin weights
        SkinWeights {
          "Armature_Bone_011";
          0;
           0.000000,-0.704910, 0.709298, 0.000000,
           1.000000,-0.000000,-0.000000, 0.000000,
           0.000000, 0.709297, 0.704910, 0.000000,
           0.000001,-5.331812, 5.364996, 1.000000;;
        } // End of Armature_Bone_011 skin weights
        SkinWeights {
          "Armature_Bone_015";
          0;
           0.000000,-0.691457, 0.722419, 0.000000,
           1.000000,-0.000000,-0.000000, 0.000000,
           0.000000, 0.722418, 0.691456, 0.000000,
           0.000001,-7.140399, 7.460131, 1.000000;;
        } // End of Armature_Bone_015 skin weights
        SkinWeights {
          "Armature_Bone_005";
          0;
          -0.000000,-0.691771, 0.722117, 0.000000,
           1.000000,-0.000000, 0.000000, 0.000000,
          -0.000000, 0.722117, 0.691771, 0.000000,
          -0.000000,-2.381968, 2.489740, 1.000000;;
        } // End of Armature_Bone_005 skin weights
        SkinWeights {
          "Armature_Bone_006";
          0;
          -0.000000,-0.703563,-0.710634, 0.000000,
           1.000000, 0.000000,-0.000000, 0.000000,
           0.000000,-0.710634, 0.703562, 0.000000,
          -0.000001,-2.400119,-3.419180, 1.000000;;
        } // End of Armature_Bone_006 skin weights
      } // End of Cube mesh
    } // End of Cube
    Frame Cube_001 {
      FrameTransformMatrix {
         1.000000, 0.000000, 0.000000, 0.000000,
         0.000000, 1.000000, 0.000000, 0.000000,
         0.000000, 0.000000, 1.000000, 0.000000,
         0.000000, 0.000000, 0.000000, 1.000000;;
      }
      Mesh { // Cube_001 mesh
        72;
        -1.354844;-0.464252;-0.002041;,
        -1.354846; 0.464252;-0.002042;,
        -0.021035; 0.464252;-0.002043;,
        -0.021035;-0.464252;-0.002043;,
        -0.687941; 0.489252; 0.654508;,
        -0.056390; 0.489252; 0.022957;,
        -1.319491; 0.489252; 0.022958;,
        -0.687939;-0.489252; 0.654509;,
        -1.319489;-0.489252; 0.022959;,
        -0.056390;-0.489252; 0.022957;,
        -0.670264; 0.464252; 0.672186;,
        -0.670262;-0.464252; 0.672186;,
        -0.013712;-0.464252; 0.015635;,
        -0.013712; 0.464252; 0.015635;,
        -1.354844;-0.464252;-0.002041;,
        -1.319489;-0.489252; 0.022959;,
        -1.362166;-0.464252; 0.015637;,
        -0.705617;-0.464252; 0.672186;,
        -0.687939;-0.489252; 0.654509;,
        -0.670262;-0.464252; 0.672186;,
        -1.362168; 0.464252; 0.015636;,
        -1.319491; 0.489252; 0.022958;,
        -1.354846; 0.464252;-0.002042;,
        -0.705619; 0.464252; 0.672186;,
        -0.670264; 0.464252; 0.672186;,
        -0.687941; 0.489252; 0.654508;,
        -0.013712;-0.464252; 0.015635;,
        -0.056390;-0.489252; 0.022957;,
        -0.021035;-0.464252;-0.002043;,
        -0.021035; 0.464252;-0.002043;,
        -0.056390; 0.489252; 0.022957;,
        -0.013712; 0.464252; 0.015635;,
        -1.319489;-0.489252; 0.022959;,
        -0.687939;-0.489252; 0.654509;,
        -0.705617;-0.464252; 0.672186;,
        -1.362166;-0.464252; 0.015637;,
        -0.670262;-0.464252; 0.672186;,
        -0.670264; 0.464252; 0.672186;,
        -0.705619; 0.464252; 0.672186;,
        -0.705617;-0.464252; 0.672186;,
        -0.687941; 0.489252; 0.654508;,
        -1.319491; 0.489252; 0.022958;,
        -1.362168; 0.464252; 0.015636;,
        -0.705619; 0.464252; 0.672186;,
        -1.354846; 0.464252;-0.002042;,
        -1.354844;-0.464252;-0.002041;,
        -1.362166;-0.464252; 0.015637;,
        -1.362168; 0.464252; 0.015636;,
        -0.021035; 0.464252;-0.002043;,
        -1.354846; 0.464252;-0.002042;,
        -1.319491; 0.489252; 0.022958;,
        -0.056390; 0.489252; 0.022957;,
        -0.687939;-0.489252; 0.654509;,
        -0.056390;-0.489252; 0.022957;,
        -0.013712;-0.464252; 0.015635;,
        -0.670262;-0.464252; 0.672186;,
        -0.021035;-0.464252;-0.002043;,
        -0.021035; 0.464252;-0.002043;,
        -0.013712; 0.464252; 0.015635;,
        -0.013712;-0.464252; 0.015635;,
        -1.354844;-0.464252;-0.002041;,
        -0.021035;-0.464252;-0.002043;,
        -0.056390;-0.489252; 0.022957;,
        -1.319489;-0.489252; 0.022959;,
        -0.670264; 0.464252; 0.672186;,
        -0.013712; 0.464252; 0.015635;,
        -0.056390; 0.489252; 0.022957;,
        -0.687941; 0.489252; 0.654508;,
        -0.705617;-0.464252; 0.672186;,
        -0.705619; 0.464252; 0.672186;,
        -1.362168; 0.464252; 0.015636;,
        -1.362166;-0.464252; 0.015637;;
        20;
        4;3,2,1,0;,
        3;6,5,4;,
        3;9,8,7;,
        4;13,12,11,10;,
        3;16,15,14;,
        3;19,18,17;,
        3;22,21,20;,
        3;25,24,23;,
        3;28,27,26;,
        3;31,30,29;,
        4;35,34,33,32;,
        4;39,38,37,36;,
        4;43,42,41,40;,
        4;47,46,45,44;,
        4;51,50,49,48;,
        4;55,54,53,52;,
        4;59,58,57,56;,
        4;63,62,61,60;,
        4;67,66,65,64;,
        4;71,70,69,68;;
        MeshNormals { // Cube_001 normals
          20;
          -0.000001;-0.000000;-1.000000;,
          -0.000000; 1.000000; 0.000000;,
          -0.000000;-1.000000;-0.000000;,
           0.707107; 0.000001; 0.707106;,
          -0.470636;-0.860523;-0.194943;,
           0.000001;-0.577349; 0.816497;,
          -0.470637; 0.860522;-0.194944;,
           0.000000; 0.577350; 0.816497;,
           0.470634;-0.860522;-0.194947;,
           0.470635; 0.860523;-0.194943;,
          -0.500000;-0.707107; 0.500000;,
           0.000001; 0.000001; 1.000000;,
          -0.500001; 0.707106; 0.500001;,
          -0.923880;-0.000002;-0.382683;,
          -0.000001; 0.707106;-0.707107;,
           0.500001;-0.707106; 0.499999;,
           0.923878; 0.000000;-0.382686;,
          -0.000001;-0.707106;-0.707107;,
           0.500000; 0.707107; 0.500000;,
          -0.707107;-0.000001; 0.707107;;
          20;
          4;0,0,0,0;,
          3;1,1,1;,
          3;2,2,2;,
          4;3,3,3,3;,
          3;4,4,4;,
          3;5,5,5;,
          3;6,6,6;,
          3;7,7,7;,
          3;8,8,8;,
          3;9,9,9;,
          4;10,10,10,10;,
          4;11,11,11,11;,
          4;12,12,12,12;,
          4;13,13,13,13;,
          4;14,14,14,14;,
          4;15,15,15,15;,
          4;16,16,16,16;,
          4;17,17,17,17;,
          4;18,18,18,18;,
          4;19,19,19,19;;
        } // End of Cube_001 normals
        MeshTextureCoords { // Cube_001 UV coordinates
          72;
           0.586348; 0.992115;,
           0.989361; 0.992115;,
           0.989361; 0.582747;,
           0.586348; 0.582747;,
           0.007885; 0.707144;,
           0.282006; 0.433022;,
           0.282006; 0.981264;,
           0.300953; 0.707144;,
           0.575074; 0.981264;,
           0.575074; 0.433023;,
           0.000212; 0.011063;,
           0.403224; 0.011063;,
           0.403224; 0.414075;,
           0.000212; 0.414075;,
           0.585925; 0.996610;,
           0.575074; 0.981264;,
           0.578252; 0.999788;,
           0.403224; 0.000212;,
           0.414075; 0.011063;,
           0.403224; 0.011063;,
           0.285184; 0.999788;,
           0.282006; 0.981264;,
           0.292857; 0.996610;,
           0.000212; 0.714817;,
           0.000212; 0.699471;,
           0.007885; 0.707144;,
           0.578252; 0.414499;,
           0.575074; 0.433023;,
           0.585925; 0.417677;,
           0.292857; 0.417676;,
           0.282006; 0.433022;,
           0.285184; 0.414498;,
           0.575074; 0.981264;,
           0.300953; 0.707144;,
           0.293280; 0.714817;,
           0.578252; 0.999788;,
           0.403224; 0.011063;,
           0.000212; 0.011063;,
           0.000212; 0.000212;,
           0.403224; 0.000212;,
           0.989360; 0.582323;,
           0.601694; 0.582324;,
           0.586348; 0.571473;,
           0.989360; 0.571472;,
           0.989361; 0.992115;,
           0.586348; 0.992115;,
           0.586348; 0.999788;,
           0.989361; 0.999788;,
           0.292857; 0.417676;,
           0.292857; 0.996610;,
           0.282006; 0.981264;,
           0.282006; 0.433022;,
           0.414075; 0.011063;,
           0.414075; 0.398729;,
           0.403224; 0.414075;,
           0.403224; 0.011063;,
           0.578252; 0.011064;,
           0.578252; 0.414076;,
           0.585925; 0.414076;,
           0.585925; 0.011064;,
           0.585925; 0.996610;,
           0.585925; 0.417677;,
           0.575074; 0.433023;,
           0.575074; 0.981264;,
           0.000212; 0.699471;,
           0.285184; 0.414498;,
           0.282006; 0.433022;,
           0.007885; 0.707144;,
           0.989360; 0.168460;,
           0.989360; 0.571472;,
           0.586348; 0.571473;,
           0.586348; 0.168461;;
        } // End of Cube_001 UV coordinates
        MeshMaterialList { // Cube_001 material list
          1;
          20;
          0,
          0,
          0,
          0,
          0,
          0,
          0,
          0,
          0,
          0,
          0,
          0,
          0,
          0,
          0,
          0,
          0,
          0,
          0,
          0;;
          Material Material_001 {
             0.640000; 0.640000; 0.640000; 1.000000;;
             96.078431;
             0.500000; 0.500000; 0.500000;;
             0.000000; 0.000000; 0.000000;;
          }
        } // End of Cube_001 material list
        MeshVertexColors { // Cube_001 vertex colors
          72;
          0; 1.000000; 1.000000; 1.000000; 1.000000;;,
          1; 1.000000; 1.000000; 1.000000; 1.000000;;,
          2; 1.000000; 1.000000; 1.000000; 1.000000;;,
          3; 1.000000; 1.000000; 1.000000; 1.000000;;,
          4; 1.000000; 1.000000; 1.000000; 1.000000;;,
          5; 1.000000; 1.000000; 1.000000; 1.000000;;,
          6; 1.000000; 1.000000; 1.000000; 1.000000;;,
          7; 1.000000; 1.000000; 1.000000; 1.000000;;,
          8; 1.000000; 1.000000; 1.000000; 1.000000;;,
          9; 1.000000; 1.000000; 1.000000; 1.000000;;,
          10; 1.000000; 1.000000; 1.000000; 1.000000;;,
          11; 1.000000; 1.000000; 1.000000; 1.000000;;,
          12; 1.000000; 1.000000; 1.000000; 1.000000;;,
          13; 1.000000; 1.000000; 1.000000; 1.000000;;,
          14; 1.000000; 1.000000; 1.000000; 1.000000;;,
          15; 1.000000; 1.000000; 1.000000; 1.000000;;,
          16; 1.000000; 1.000000; 1.000000; 1.000000;;,
          17; 1.000000; 1.000000; 1.000000; 1.000000;;,
          18; 1.000000; 1.000000; 1.000000; 1.000000;;,
          19; 1.000000; 1.000000; 1.000000; 1.000000;;,
          20; 1.000000; 1.000000; 1.000000; 1.000000;;,
          21; 1.000000; 1.000000; 1.000000; 1.000000;;,
          22; 1.000000; 1.000000; 1.000000; 1.000000;;,
          23; 1.000000; 1.000000; 1.000000; 1.000000;;,
          24; 1.000000; 1.000000; 1.000000; 1.000000;;,
          25; 1.000000; 1.000000; 1.000000; 1.000000;;,
          26; 1.000000; 1.000000; 1.000000; 1.000000;;,
          27; 1.000000; 1.000000; 1.000000; 1.000000;;,
          28; 1.000000; 1.000000; 1.000000; 1.000000;;,
          29; 1.000000; 1.000000; 1.000000; 1.000000;;,
          30; 1.000000; 1.000000; 1.000000; 1.000000;;,
          31; 1.000000; 1.000000; 1.000000; 1.000000;;,
          32; 1.000000; 1.000000; 1.000000; 1.000000;;,
          33; 1.000000; 1.000000; 1.000000; 1.000000;;,
          34; 1.000000; 1.000000; 1.000000; 1.000000;;,
          35; 1.000000; 1.000000; 1.000000; 1.000000;;,
          36; 1.000000; 1.000000; 1.000000; 1.000000;;,
          37; 1.000000; 1.000000; 1.000000; 1.000000;;,
          38; 1.000000; 1.000000; 1.000000; 1.000000;;,
          39; 1.000000; 1.000000; 1.000000; 1.000000;;,
          40; 1.000000; 1.000000; 1.000000; 1.000000;;,
          41; 1.000000; 1.000000; 1.000000; 1.000000;;,
          42; 1.000000; 1.000000; 1.000000; 1.000000;;,
          43; 1.000000; 1.000000; 1.000000; 1.000000;;,
          44; 1.000000; 1.000000; 1.000000; 1.000000;;,
          45; 1.000000; 1.000000; 1.000000; 1.000000;;,
          46; 1.000000; 1.000000; 1.000000; 1.000000;;,
          47; 1.000000; 1.000000; 1.000000; 1.000000;;,
          48; 1.000000; 1.000000; 1.000000; 1.000000;;,
          49; 1.000000; 1.000000; 1.000000; 1.000000;;,
          50; 1.000000; 1.000000; 1.000000; 1.000000;;,
          51; 1.000000; 1.000000; 1.000000; 1.000000;;,
          52; 1.000000; 1.000000; 1.000000; 1.000000;;,
          53; 1.000000; 1.000000; 1.000000; 1.000000;;,
          54; 1.000000; 1.000000; 1.000000; 1.000000;;,
          55; 1.000000; 1.000000; 1.000000; 1.000000;;,
          56; 1.000000; 1.000000; 1.000000; 1.000000;;,
          57; 1.000000; 1.000000; 1.000000; 1.000000;;,
          58; 1.000000; 1.000000; 1.000000; 1.000000;;,
          59; 1.000000; 1.000000; 1.000000; 1.000000;;,
          60; 1.000000; 1.000000; 1.000000; 1.000000;;,
          61; 1.000000; 1.000000; 1.000000; 1.000000;;,
          62; 1.000000; 1.000000; 1.000000; 1.000000;;,
          63; 1.000000; 1.000000; 1.000000; 1.000000;;,
          64; 1.000000; 1.000000; 1.000000; 1.000000;;,
          65; 1.000000; 1.000000; 1.000000; 1.000000;;,
          66; 1.000000; 1.000000; 1.000000; 1.000000;;,
          67; 1.000000; 1.000000; 1.000000; 1.000000;;,
          68; 1.000000; 1.000000; 1.000000; 1.000000;;,
          69; 1.000000; 1.000000; 1.000000; 1.000000;;,
          70; 1.000000; 1.000000; 1.000000; 1.000000;;,
          71; 1.000000; 1.000000; 1.000000; 1.000000;;;
        } // End of Cube_001 vertex colors
        XSkinMeshHeader {
          1;
          3;
          16;
        }
        SkinWeights {
          "Armature_Bone_003";
          0;
           0.000000,-0.707107, 0.707107, 0.000000,
           1.000000,-0.000000,-0.000000, 0.000000,
           0.000000, 0.707107, 0.707107, 0.000000,
           0.000000,-1.459342, 1.459341, 1.000000;;
        } // End of Armature_Bone_003 skin weights
        SkinWeights {
          "Armature_Bone_010";
          0;
           0.000000,-0.704910,-0.709298, 0.000000,
           1.000000, 0.000000, 0.000000, 0.000000,
          -0.000000,-0.709297, 0.704910, 0.000000,
           0.000002,-4.344918,-5.364998, 1.000000;;
        } // End of Armature_Bone_010 skin weights
        SkinWeights {
          "Armature_Bone_012";
          0;
          -0.000000,-0.697057,-0.717016, 0.000000,
           1.000000, 0.000000,-0.000000, 0.000000,
           0.000000,-0.717016, 0.697057, 0.000000,
          -0.000001,-5.255422,-6.410127, 1.000000;;
        } // End of Armature_Bone_012 skin weights
        SkinWeights {
          "Armature_Bone_007";
          0;
          -0.000000,-0.697057, 0.717017, 0.000000,
           1.000000,-0.000000, 0.000000, 0.000000,
          -0.000000, 0.717016, 0.697056, 0.000000,
          -0.000000,-3.353855, 3.449889, 1.000000;;
        } // End of Armature_Bone_007 skin weights
        SkinWeights {
          "Armature_Bone_004";
          0;
           0.000000,-0.696593,-0.717467, 0.000000,
           1.000000, 0.000000,-0.000000, 0.000000,
          -0.000000,-0.717466, 0.696593, 0.000000,
           0.000000,-1.423032,-2.470564, 1.000000;;
        } // End of Armature_Bone_004 skin weights
        SkinWeights {
          "Armature_Bone_008";
          0;
          -0.000000,-0.708198,-0.706015, 0.000000,
           1.000000, 0.000000,-0.000000, 0.000000,
           0.000000,-0.706014, 0.708198, 0.000000,
          -0.000001,-3.395188,-4.373145, 1.000000;;
        } // End of Armature_Bone_008 skin weights
        SkinWeights {
          "Armature_Bone_013";
          0;
          -0.000000,-0.700242, 0.713907, 0.000000,
           1.000000,-0.000000, 0.000000, 0.000000,
          -0.000000, 0.713906, 0.700241, 0.000000,
          -0.000002,-6.260163, 6.382325, 1.000000;;
        } // End of Armature_Bone_013 skin weights
        SkinWeights {
          "Armature_Bone_014";
          0;
           0.000000,-0.707107,-0.707107, 0.000000,
           1.000000, 0.000000, 0.000000, 0.000000,
          -0.000000,-0.707107, 0.707107, 0.000000,
           0.000002,-6.312066,-7.302014, 1.000000;;
        } // End of Armature_Bone_014 skin weights
        SkinWeights {
          "Armature_Bone";
          0;
          -0.712859,-0.700936,-0.022823, 0.000000,
           0.031999, 0.000000,-0.999488, 0.000000,
           0.700577,-0.713224, 0.022430, 0.000000,
          -0.490404, 0.499257,-0.015701, 1.000000;;
        } // End of Armature_Bone skin weights
        SkinWeights {
          "Armature_Bone_009";
          0;
           0.000000,-0.693613, 0.720349, 0.000000,
           1.000000,-0.000000,-0.000000, 0.000000,
           0.000000, 0.720349, 0.693612, 0.000000,
           0.000000,-4.296328, 4.461933, 1.000000;;
        } // End of Armature_Bone_009 skin weights
        SkinWeights {
          "Armature_Bone_001";
          72;
          0,
          1,
          2,
          3,
          4,
          5,
          6,
          7,
          8,
          9,
          10,
          11,
          12,
          13,
          14,
          15,
          16,
          17,
          18,
          19,
          20,
          21,
          22,
          23,
          24,
          25,
          26,
          27,
          28,
          29,
          30,
          31,
          32,
          33,
          34,
          35,
          36,
          37,
          38,
          39,
          40,
          41,
          42,
          43,
          44,
          45,
          46,
          47,
          48,
          49,
          50,
          51,
          52,
          53,
          54,
          55,
          56,
          57,
          58,
          59,
          60,
          61,
          62,
          63,
          64,
          65,
          66,
          67,
          68,
          69,
          70,
          71;
           1.000000,
           1.000000,
           1.000000,
           1.000000,
           1.000000,
           1.000000,
           1.000000,
           1.000000,
           1.000000,
           1.000000,
           1.000000,
           1.000000,
           1.000000,
           1.000000,
           1.000000,
           1.000000,
           1.000000,
           1.000000,
           1.000000,
           1.000000,
           1.000000,
           1.000000,
           1.000000,
           1.000000,
           1.000000,
           1.000000,
           1.000000,
           1.000000,
           1.000000,
           1.000000,
           1.000000,
           1.000000,
           1.000000,
           1.000000,
           1.000000,
           1.000000,
           1.000000,
           1.000000,
           1.000000,
           1.000000,
           1.000000,
           1.000000,
           1.000000,
           1.000000,
           1.000000,
           1.000000,
           1.000000,
           1.000000,
           1.000000,
           1.000000,
           1.000000,
           1.000000,
           1.000000,
           1.000000,
           1.000000,
           1.000000,
           1.000000,
           1.000000,
           1.000000,
           1.000000,
           1.000000,
           1.000000,
           1.000000,
           1.000000,
           1.000000,
           1.000000,
           1.000000,
           1.000000,
           1.000000,
           1.000000,
           1.000000,
           1.000000;
           0.021745,-0.700936, 0.712893, 0.000000,
           0.999535,-0.000000,-0.030489, 0.000000,
           0.021371, 0.713224, 0.700610, 0.000000,
           0.014959,-0.482202, 0.490427, 1.000000;;
        } // End of Armature_Bone_001 skin weights
        SkinWeights {
          "Armature_Bone_002";
          0;
           0.035534,-0.700936,-0.712339, 0.000000,
           0.998758, 0.000000, 0.049821, 0.000000,
          -0.034922,-0.713224, 0.700066, 0.000000,
           0.073336,-0.465147,-1.470138, 1.000000;;
        } // End of Armature_Bone_002 skin weights
        SkinWeights {
          "Armature_Bone_011";
          0;
           0.000000,-0.704910, 0.709298, 0.000000,
           1.000000,-0.000000,-0.000000, 0.000000,
           0.000000, 0.709297, 0.704910, 0.000000,
           0.000001,-5.331812, 5.364996, 1.000000;;
        } // End of Armature_Bone_011 skin weights
        SkinWeights {
          "Armature_Bone_015";
          0;
           0.000000,-0.691457, 0.722419, 0.000000,
           1.000000,-0.000000,-0.000000, 0.000000,
           0.000000, 0.722418, 0.691456, 0.000000,
           0.000001,-7.140399, 7.460131, 1.000000;;
        } // End of Armature_Bone_015 skin weights
        SkinWeights {
          "Armature_Bone_005";
          0;
          -0.000000,-0.691771, 0.722117, 0.000000,
           1.000000,-0.000000, 0.000000, 0.000000,
          -0.000000, 0.722117, 0.691771, 0.000000,
          -0.000000,-2.381968, 2.489740, 1.000000;;
        } // End of Armature_Bone_005 skin weights
        SkinWeights {
          "Armature_Bone_006";
          0;
          -0.000000,-0.703563,-0.710634, 0.000000,
           1.000000, 0.000000,-0.000000, 0.000000,
           0.000000,-0.710634, 0.703562, 0.000000,
          -0.000001,-2.400119,-3.419180, 1.000000;;
        } // End of Armature_Bone_006 skin weights
      } // End of Cube_001 mesh
    } // End of Cube_001
    Frame Cube_002 {
      FrameTransformMatrix {
         1.000000, 0.000000, 0.000000, 0.000000,
         0.000000, 1.000000, 0.000000, 0.000000,
         0.000000, 0.000000, 1.000000, 0.000000,
         0.000000, 0.000000, 0.000000, 1.000000;;
      }
      Mesh { // Cube_002 mesh
        72;
        -2.730269;-0.464252;-0.002041;,
        -2.730271; 0.464252;-0.002042;,
        -1.396460; 0.464252;-0.002043;,
        -1.396460;-0.464252;-0.002043;,
        -2.063366; 0.489252; 0.654508;,
        -1.431815; 0.489252; 0.022957;,
        -2.694916; 0.489252; 0.022958;,
        -2.063364;-0.489252; 0.654508;,
        -2.694914;-0.489252; 0.022959;,
        -1.431815;-0.489252; 0.022957;,
        -2.045689; 0.464252; 0.672185;,
        -2.045686;-0.464252; 0.672186;,
        -1.389137;-0.464252; 0.015634;,
        -1.389137; 0.464252; 0.015634;,
        -2.730269;-0.464252;-0.002041;,
        -2.694914;-0.489252; 0.022959;,
        -2.737591;-0.464252; 0.015637;,
        -2.081042;-0.464252; 0.672186;,
        -2.063364;-0.489252; 0.654508;,
        -2.045686;-0.464252; 0.672186;,
        -2.737593; 0.464252; 0.015636;,
        -2.694916; 0.489252; 0.022958;,
        -2.730271; 0.464252;-0.002042;,
        -2.081044; 0.464252; 0.672185;,
        -2.045689; 0.464252; 0.672185;,
        -2.063366; 0.489252; 0.654508;,
        -1.389137;-0.464252; 0.015634;,
        -1.431815;-0.489252; 0.022957;,
        -1.396460;-0.464252;-0.002043;,
        -1.396460; 0.464252;-0.002043;,
        -1.431815; 0.489252; 0.022957;,
        -1.389137; 0.464252; 0.015634;,
        -2.694914;-0.489252; 0.022959;,
        -2.063364;-0.489252; 0.654508;,
        -2.081042;-0.464252; 0.672186;,
        -2.737591;-0.464252; 0.015637;,
        -2.045686;-0.464252; 0.672186;,
        -2.045689; 0.464252; 0.672185;,
        -2.081044; 0.464252; 0.672185;,
        -2.081042;-0.464252; 0.672186;,
        -2.063366; 0.489252; 0.654508;,
        -2.694916; 0.489252; 0.022958;,
        -2.737593; 0.464252; 0.015636;,
        -2.081044; 0.464252; 0.672185;,
        -2.730271; 0.464252;-0.002042;,
        -2.730269;-0.464252;-0.002041;,
        -2.737591;-0.464252; 0.015637;,
        -2.737593; 0.464252; 0.015636;,
        -1.396460; 0.464252;-0.002043;,
        -2.730271; 0.464252;-0.002042;,
        -2.694916; 0.489252; 0.022958;,
        -1.431815; 0.489252; 0.022957;,
        -2.063364;-0.489252; 0.654508;,
        -1.431815;-0.489252; 0.022957;,
        -1.389137;-0.464252; 0.015634;,
        -2.045686;-0.464252; 0.672186;,
        -1.396460;-0.464252;-0.002043;,
        -1.396460; 0.464252;-0.002043;,
        -1.389137; 0.464252; 0.015634;,
        -1.389137;-0.464252; 0.015634;,
        -2.730269;-0.464252;-0.002041;,
        -1.396460;-0.464252;-0.002043;,
        -1.431815;-0.489252; 0.022957;,
        -2.694914;-0.489252; 0.022959;,
        -2.045689; 0.464252; 0.672185;,
        -1.389137; 0.464252; 0.015634;,
        -1.431815; 0.489252; 0.022957;,
        -2.063366; 0.489252; 0.654508;,
        -2.081042;-0.464252; 0.672186;,
        -2.081044; 0.464252; 0.672185;,
        -2.737593; 0.464252; 0.015636;,
        -2.737591;-0.464252; 0.015637;;
        20;
        4;3,2,1,0;,
        3;6,5,4;,
        3;9,8,7;,
        4;13,12,11,10;,
        3;16,15,14;,
        3;19,18,17;,
        3;22,21,20;,
        3;25,24,23;,
        3;28,27,26;,
        3;31,30,29;,
        4;35,34,33,32;,
        4;39,38,37,36;,
        4;43,42,41,40;,
        4;47,46,45,44;,
        4;51,50,49,48;,
        4;55,54,53,52;,
        4;59,58,57,56;,
        4;63,62,61,60;,
        4;67,66,65,64;,
        4;71,70,69,68;;
        MeshNormals { // Cube_002 normals
          20;
          -0.000001;-0.000000;-1.000000;,
          -0.000000; 1.000000; 0.000000;,
          -0.000000;-1.000000;-0.000000;,
           0.707107; 0.000001; 0.707106;,
          -0.470636;-0.860523;-0.194943;,
           0.000001;-0.577351; 0.816496;,
          -0.470638; 0.860521;-0.194944;,
           0.000000; 0.577350; 0.816497;,
           0.470634;-0.860523;-0.194946;,
           0.470634; 0.860524;-0.194943;,
          -0.499999;-0.707107; 0.499999;,
           0.000001; 0.000001; 1.000000;,
          -0.500000; 0.707107; 0.500000;,
          -0.923880;-0.000002;-0.382683;,
          -0.000001; 0.707106;-0.707108;,
           0.500001;-0.707107; 0.499999;,
           0.923878; 0.000000;-0.382686;,
          -0.000001;-0.707107;-0.707107;,
           0.500000; 0.707107; 0.500000;,
          -0.707107;-0.000001; 0.707107;;
          20;
          4;0,0,0,0;,
          3;1,1,1;,
          3;2,2,2;,
          4;3,3,3,3;,
          3;4,4,4;,
          3;5,5,5;,
          3;6,6,6;,
          3;7,7,7;,
          3;8,8,8;,
          3;9,9,9;,
          4;10,10,10,10;,
          4;11,11,11,11;,
          4;12,12,12,12;,
          4;13,13,13,13;,
          4;14,14,14,14;,
          4;15,15,15,15;,
          4;16,16,16,16;,
          4;17,17,17,17;,
          4;18,18,18,18;,
          4;19,19,19,19;;
        } // End of Cube_002 normals
        MeshTextureCoords { // Cube_002 UV coordinates
          72;
           0.586348; 0.992115;,
           0.989361; 0.992115;,
           0.989361; 0.582747;,
           0.586348; 0.582747;,
           0.007885; 0.707144;,
           0.282006; 0.433022;,
           0.282006; 0.981264;,
           0.300953; 0.707144;,
           0.575074; 0.981264;,
