xof 0303txt 0032

Frame Root {
  FrameTransformMatrix {
     1.000000, 0.000000, 0.000000, 0.000000,
     0.000000,-0.000000, 1.000000, 0.000000,
     0.000000, 1.000000, 0.000000, 0.000000,
     0.000000, 0.000000, 0.000000, 1.000000;;
  }
  Frame Armature {
    FrameTransformMatrix {
      -1.000000,-0.000000, 0.000000, 0.000000,
       0.000000,-0.000000, 1.000000, 0.000000,
      -0.000000, 1.000000, 0.000000, 0.000000,
       0.000000, 0.000000, 7.000000, 1.000000;;
    }
    Frame Armature_Handle_C_D {
      FrameTransformMatrix {
         1.000000, 0.000000, 0.000000, 0.000000,
         0.000000, 0.983573,-0.180510, 0.000000,
        -0.000000, 0.180510, 0.983573, 0.000000,
        -0.000000,-0.363710, 0.153508, 1.000000;;
      }
      Frame Armature_Group003_C {
        FrameTransformMatrix {
           1.000000,-0.000000, 0.000000, 0.000000,
           0.000000, 0.925204, 0.379470, 0.000000,
          -0.000000,-0.379470, 0.925204, 0.000000,
           0.000000, 1.118260, 0.000000, 1.000000;;
        }
        Frame Armature_Group002_C {
          FrameTransformMatrix {
             1.000000, 0.000000,-0.000000, 0.000000,
            -0.000000, 0.940233,-0.340533, 0.000000,
             0.000000, 0.340533, 0.940233, 0.000000,
            -0.000000, 1.192760,-0.000000, 1.000000;;
          }
          Frame Armature_Group001_C {
            FrameTransformMatrix {
               1.000000, 0.000000,-0.000000, 0.000000,
               0.000000, 0.973152, 0.230163, 0.000000,
               0.000000,-0.230163, 0.973152, 0.000000,
              -0.000000, 1.614220,-0.000000, 1.000000;;
            }
            Frame Armature_Group000_C {
              FrameTransformMatrix {
                 1.000000,-0.000000, 0.000000, 0.000000,
                 0.000000, 0.995729,-0.092329, 0.000000,
                -0.000000, 0.092329, 0.995729, 0.000000,
                 0.000000, 1.957591,-0.000000, 1.000000;;
              }
            } // End of Armature_Group000_C
            Frame Armature_Grouph010_L {
              FrameTransformMatrix {
                -0.295259, 0.951335,-0.088230, 0.000000,
                -0.955417,-0.293997, 0.027262, 0.000000,
                -0.000004, 0.092346, 0.995727, 0.000000,
                -0.543066, 1.602252,-0.227837, 1.000000;;
              }
              Frame Armature_Grouph009_L {
                FrameTransformMatrix {
                   0.180902, 0.206827,-0.961507, 0.000000,
                  -0.912875, 0.399098,-0.085904, 0.000000,
                   0.365968, 0.893277, 0.261005, 0.000000,
                  -0.000000, 0.742114,-0.000000, 1.000000;;
                }
                Frame Armature_Grouph008_L {
                  FrameTransformMatrix {
                    -0.970135,-0.155722, 0.185980, 0.000000,
                    -0.160116, 0.987060,-0.008746, 0.000000,
                    -0.182211,-0.038263,-0.982515, 0.000000,
                     0.000000, 2.362638, 0.000000, 1.000000;;
                  }
                  Frame Armature_Grouph005_L {
                    FrameTransformMatrix {
                      -0.783806, 0.019528, 0.620698, 0.000000,
                       0.149526, 0.976034, 0.158112, 0.000000,
                      -0.602735, 0.216740,-0.767941, 0.000000,
                      -0.000000, 1.951505, 0.000000, 1.000000;;
                    }
                    Frame Armature_Grouph001_L {
                      FrameTransformMatrix {
                         0.990468,-0.059592, 0.124185, 0.000000,
                         0.050599, 0.995947, 0.074353, 0.000000,
                        -0.128113,-0.067361, 0.989469, 0.000000,
                         0.030258, 0.962576, 0.034698, 1.000000;;
                      }
                      Frame Armature_Grouph000_L {
                        FrameTransformMatrix {
                           0.776492, 0.068970, 0.626341, 0.000000,
                           0.019038, 0.990970,-0.132724, 0.000000,
                          -0.629839, 0.114983, 0.768167, 0.000000,
                          -0.000000, 0.496329, 0.000000, 1.000000;;
                        }
                      } // End of Armature_Grouph000_L
                    } // End of Armature_Grouph001_L
                    Frame Armature_Grouph004_L {
                      FrameTransformMatrix {
                         0.834583, 0.084922,-0.544297, 0.000000,
                        -0.116860, 0.992852,-0.024278, 0.000000,
                         0.538344, 0.083869, 0.838541, 0.000000,
                        -0.110704, 0.911936,-0.179365, 1.000000;;
                      }
                      Frame Armature_Grouph003_L {
                        FrameTransformMatrix {
                           0.648448,-0.074210, 0.757633, 0.000000,
                           0.143721, 0.989274,-0.026110, 0.000000,
                          -0.747569, 0.125818, 0.652158, 0.000000,
                          -0.000000, 0.577949, 0.000000, 1.000000;;
                        }
                      } // End of Armature_Grouph003_L
                    } // End of Armature_Grouph004_L
                    Frame Armature_Grouph006_L {
                      FrameTransformMatrix {
                         0.732383, 0.206410,-0.648852, 0.000000,
                        -0.626462, 0.577613,-0.523363, 0.000000,
                         0.266758, 0.789784, 0.552342, 0.000000,
                        -0.262368, 0.574382,-0.257063, 1.000000;;
                      }
                      Frame Armature_Grouph007_L {
                        FrameTransformMatrix {
                           0.999495,-0.011165,-0.029750, 0.000000,
                           0.016903, 0.979602, 0.200234, 0.000000,
                           0.026908,-0.200636, 0.979296, 0.000000,
                          -0.000000, 0.266163, 0.000000, 1.000000;;
                        }
                      } // End of Armature_Grouph007_L
                    } // End of Armature_Grouph006_L
                  } // End of Armature_Grouph005_L
                } // End of Armature_Grouph008_L
              } // End of Armature_Grouph009_L
            } // End of Armature_Grouph010_L
            Frame Armature_Grouph10_R {
              FrameTransformMatrix {
                -0.294685,-0.951511, 0.088245, 0.000000,
                 0.955594,-0.293426, 0.027209, 0.000000,
                 0.000004, 0.092344, 0.995727, 0.000000,
                 0.541555, 1.602252,-0.227837, 1.000000;;
              }
              Frame Armature_Grouph009_R {
                FrameTransformMatrix {
                   0.180801,-0.206995, 0.961491, 0.000000,
                   0.913115, 0.398550,-0.085902, 0.000000,
                  -0.365421, 0.893482, 0.261068, 0.000000,
                  -0.000001, 0.743557, 0.000000, 1.000000;;
                }
                Frame Armature_Grouph008_R {
                  FrameTransformMatrix {
                    -0.970070, 0.155711,-0.186326, 0.000000,
                     0.160116, 0.987059,-0.008735, 0.000000,
                     0.182554,-0.038307,-0.982449, 0.000000,
                     0.000000, 2.362638,-0.000000, 1.000000;;
                  }
                  Frame Armature_Grouph005_R {
                    FrameTransformMatrix {
                      -0.783915,-0.019503,-0.620562, 0.000000,
                      -0.149481, 0.976034, 0.158155, 0.000000,
                       0.602605, 0.216742,-0.768043, 0.000000,
                      -0.000000, 1.951504, 0.000000, 1.000000;;
                    }
                    Frame Armature_Grouph001_R {
                      FrameTransformMatrix {
                         0.990468, 0.059584,-0.124188, 0.000000,
                        -0.050591, 0.995947, 0.074359, 0.000000,
                         0.128115,-0.067368, 0.989469, 0.000000,
                        -0.030254, 0.962576, 0.034702, 1.000000;;
                      }
                      Frame Armature_Grouph000_R {
                        FrameTransformMatrix {
                           0.766679,-0.071507,-0.638036, 0.000000,
                          -0.020474, 0.990550,-0.135616, 0.000000,
                           0.641704, 0.117037, 0.757970, 0.000000,
                          -0.000000, 0.496329,-0.000000, 1.000000;;
                        }
                      } // End of Armature_Grouph000_R
                    } // End of Armature_Grouph001_R
                    Frame Armature_Grouph004_R {
                      FrameTransformMatrix {
                         0.834594,-0.084914, 0.544282, 0.000000,
                         0.116858, 0.992851,-0.024291, 0.000000,
                        -0.538329, 0.083877, 0.838550, 0.000000,
                         0.110684, 0.911936,-0.179378, 1.000000;;
                      }
                      Frame Armature_Grouph003_R {
                        FrameTransformMatrix {
                           0.635554, 0.073128,-0.768586, 0.000000,
                          -0.147066, 0.988743,-0.027535, 0.000000,
                           0.757920, 0.130533, 0.639154, 0.000000,
                           0.000000, 0.577949,-0.000000, 1.000000;;
                        }
                      } // End of Armature_Grouph003_R
                    } // End of Armature_Grouph004_R
                    Frame Armature_Grouph006_R {
                      FrameTransformMatrix {
                         0.732449,-0.206384, 0.648786, 0.000000,
                         0.626402, 0.577612,-0.523435, 0.000000,
                        -0.266718, 0.789791, 0.552351, 0.000000,
                         0.262339, 0.574382,-0.257093, 1.000000;;
                      }
                      Frame Armature_Grouph007_R {
                        FrameTransformMatrix {
                           0.999495, 0.011158, 0.029743, 0.000000,
                          -0.016894, 0.979602, 0.200236, 0.000000,
                          -0.026902,-0.200638, 0.979296, 0.000000,
                           0.000000, 0.266163, 0.000000, 1.000000;;
                        }
                      } // End of Armature_Grouph007_R
                    } // End of Armature_Grouph006_R
                  } // End of Armature_Grouph005_R
                } // End of Armature_Grouph008_R
              } // End of Armature_Grouph009_R
            } // End of Armature_Grouph10_R
          } // End of Armature_Group001_C
        } // End of Armature_Group002_C
      } // End of Armature_Group003_C
      Frame Armature_Group004_L {
        FrameTransformMatrix {
           1.000000, 0.000000,-0.000000, 0.000000,
          -0.000000,-0.998303,-0.058232, 0.000000,
          -0.000000, 0.058232,-0.998303, 0.000000,
          -0.700000, 0.964613,-0.028265, 1.000000;;
        }
        Frame Armature_Group003_L {
          FrameTransformMatrix {
             0.997222,-0.013384, 0.073279, 0.000000,
            -0.004273, 0.971829, 0.235651, 0.000000,
            -0.074369,-0.235309, 0.969071, 0.000000,
             0.000000, 3.002734, 0.000000, 1.000000;;
          }
          Frame Armature_Group002_L {
            FrameTransformMatrix {
               0.998329, 0.007100,-0.057350, 0.000000,
              -0.053530, 0.487514,-0.871473, 0.000000,
               0.021772, 0.873086, 0.487079, 0.000000,
               0.000000, 3.443392,-0.000000, 1.000000;;
            }
            Frame Armature_Bone_004_R {
              FrameTransformMatrix {
                 0.977403,-0.026359, 0.209736, 0.000000,
                 0.145911, 0.802042,-0.579171, 0.000000,
                -0.152950, 0.596686, 0.787764, 0.000000,
                -0.000000, 1.574283, 0.000000, 1.000000;;
              }
            } // End of Armature_Bone_004_R
          } // End of Armature_Group002_L
        } // End of Armature_Group003_L
      } // End of Armature_Group004_L
      Frame Armature_Group004_R {
        FrameTransformMatrix {
           1.000000,-0.000000, 0.000000, 0.000000,
           0.000000,-0.998303,-0.058232, 0.000000,
           0.000000, 0.058232,-0.998303, 0.000000,
           0.700000, 0.964613,-0.028265, 1.000000;;
        }
        Frame Armature_Group003_R {
          FrameTransformMatrix {
             0.997222, 0.013384,-0.073279, 0.000000,
             0.004273, 0.971829, 0.235651, 0.000000,
             0.074369,-0.235309, 0.969071, 0.000000,
            -0.000000, 3.002734, 0.000000, 1.000000;;
          }
          Frame Armature_Group002_R {
            FrameTransformMatrix {
               0.998329,-0.007100, 0.057350, 0.000000,
               0.053529, 0.487513,-0.871473, 0.000000,
              -0.021772, 0.873087, 0.487079, 0.000000,
               0.000000, 3.443392, 0.000000, 1.000000;;
            }
            Frame Armature_yGroup000_R {
              FrameTransformMatrix {
                 0.977403, 0.026359,-0.209735, 0.000000,
                -0.145911, 0.802041,-0.579172, 0.000000,
                 0.152949, 0.596687, 0.787763, 0.000000,
                 0.000000, 1.574285, 0.000000, 1.000000;;
              }
            } // End of Armature_yGroup000_R
          } // End of Armature_Group002_R
        } // End of Armature_Group003_R
      } // End of Armature_Group004_R
    } // End of Armature_Handle_C_D
    Frame Armature_Handle_C_U {
      FrameTransformMatrix {
         1.000000,-0.000000,-0.000000, 0.000000,
        -0.000000, 0.000000,-1.000000, 0.000000,
         0.000000, 1.000000, 0.000000, 0.000000,
         0.000000, 5.451003, 0.153507, 1.000000;;
      }
      Frame Armature_Bone_005_C {
        FrameTransformMatrix {
           1.000000, 0.000000, 0.000000, 0.000000,
          -0.000000, 0.000000, 1.000000, 0.000000,
           0.000000,-1.000000, 0.000000, 0.000000,
          -0.000000,-0.000001, 0.000000, 1.000000;;
        }
      } // End of Armature_Bone_005_C
      Frame Armature_Bone_008_C {
        FrameTransformMatrix {
           1.000000, 0.000000, 0.000000, 0.000000,
          -0.000000,-0.999977, 0.006722, 0.000000,
           0.000000,-0.006722,-0.999977, 0.000000,
          -0.000000,-0.000013,-0.000001, 1.000000;;
        }
      } // End of Armature_Bone_008_C
    } // End of Armature_Handle_C_U
    Frame Armature_Handle_L_R {
      FrameTransformMatrix {
         0.999818, 0.013500, 0.013499, 0.000000,
        -0.013500, 0.000000, 0.999909, 0.000000,
         0.013499,-0.999909, 0.000182, 0.000000,
        -0.700000,-6.740427,-0.645611, 1.000000;;
      }
      Frame Armature_Bone_007_R {
        FrameTransformMatrix {
           0.999824,-0.018287, 0.004152, 0.000000,
          -0.012412,-0.811334,-0.584451, 0.000000,
           0.014056, 0.584297,-0.811418, 0.000000,
           0.024972, 1.849825, 0.000416, 1.000000;;
        }
        Frame Armature_Bone_008_R {
          FrameTransformMatrix {
             0.999720,-0.019650,-0.013208, 0.000000,
             0.023342, 0.911441, 0.410768, 0.000000,
             0.003967,-0.410961, 0.911644, 0.000000,
            -0.000000, 1.574287, 0.000001, 1.000000;;
          }
        } // End of Armature_Bone_008_R
      } // End of Armature_Bone_007_R
      Frame Armature_Group000_L {
        FrameTransformMatrix {
           0.968560,-0.174810, 0.177013, 0.000000,
           0.177213, 0.984170, 0.002263, 0.000000,
          -0.174606, 0.029177, 0.984206, 0.000000,
           0.024972, 1.849825, 0.000416, 1.000000;;
        }
      } // End of Armature_Group000_L
    } // End of Armature_Handle_L_R
    Frame Armature_Handle_H_R {
      FrameTransformMatrix {
         1.000000, 0.000000,-0.000000, 0.000000,
        -0.000000,-0.000000,-1.000000, 0.000000,
        -0.000000, 1.000000,-0.000000, 0.000000,
        -1.636611, 0.616651,-0.178592, 1.000000;;
      }
      Frame Armature_Bone_005_H_R {
        FrameTransformMatrix {
           0.551800, 0.826779,-0.109330, 0.000000,
           0.109331,-0.201678,-0.973331, 0.000000,
          -0.826779, 0.525131,-0.201678, 0.000000,
          -0.000000, 0.000000, 0.000000, 1.000000;;
        }
        Frame Armature_Bone_014_H_R {
          FrameTransformMatrix {
            -0.216455,-0.901021,-0.375908, 0.000000,
            -0.717629,-0.114218, 0.686996, 0.000000,
            -0.661934, 0.418467,-0.621876, 0.000000,
             0.094982, 1.915118, 0.046146, 1.000000;;
          }
        } // End of Armature_Bone_014_H_R
        Frame Armature_Bone_015_H_R {
          FrameTransformMatrix {
            -0.217345,-0.933581,-0.284933, 0.000000,
            -0.662537,-0.073267, 0.745437, 0.000000,
            -0.716802, 0.350796,-0.602608, 0.000000,
            -0.182215, 1.888828,-0.243793, 1.000000;;
          }
        } // End of Armature_Bone_015_H_R
        Frame Armature_Bone_016_H_R {
          FrameTransformMatrix {
             0.592383, 0.262391,-0.761731, 0.000000,
            -0.351911,-0.766240,-0.537619, 0.000000,
            -0.724735, 0.586538,-0.361569, 0.000000,
            -0.576118, 0.923246,-0.507090, 1.000000;;
          }
        } // End of Armature_Bone_016_H_R
      } // End of Armature_Bone_005_H_R
      Frame Armature_Bone_007_H_R {
        FrameTransformMatrix {
           0.999996,-0.001856, 0.001888, 0.000000,
          -0.001856,-0.999998,-0.000001, 0.000000,
           0.001888,-0.000003,-0.999998, 0.000000,
          -0.000000, 0.000001, 0.000001, 1.000000;;
        }
      } // End of Armature_Bone_007_H_R
    } // End of Armature_Handle_H_R
    Frame Armature_Handle_H_L {
      FrameTransformMatrix {
         1.000000,-0.000000, 0.000000, 0.000000,
         0.000000,-0.000000,-1.000000, 0.000000,
         0.000000, 1.000000,-0.000000, 0.000000,
         1.636611, 0.616651,-0.178592, 1.000000;;
      }
      Frame Armature_Bone_005_H_L {
        FrameTransformMatrix {
           0.541230,-0.833519, 0.110984, 0.000000,
          -0.110983,-0.201642,-0.973151, 0.000000,
           0.833519, 0.514381,-0.201641, 0.000000,
           0.000000, 0.000000, 0.000000, 1.000000;;
        }
        Frame Armature_Bone_014_H_L {
          FrameTransformMatrix {
            -0.220365, 0.900698, 0.374409, 0.000000,
             0.708802,-0.115833, 0.695832, 0.000000,
             0.670103, 0.418719,-0.612891, 0.000000,
            -0.094634, 1.915311, 0.046348, 1.000000;;
          }
        } // End of Armature_Bone_014_H_L
        Frame Armature_Bone_015_H_L {
          FrameTransformMatrix {
            -0.220078, 0.933385, 0.283474, 0.000000,
             0.653017,-0.074910, 0.753630, 0.000000,
             0.724662, 0.350970,-0.593030, 0.000000,
             0.186175, 1.889160,-0.240109, 1.000000;;
          }
        } // End of Armature_Bone_015_H_L
        Frame Armature_Bone_016_H_L {
          FrameTransformMatrix {
             0.582492,-0.263991, 0.768773, 0.000000,
             0.357969,-0.765821,-0.534206, 0.000000,
             0.729768, 0.586368,-0.351584, 0.000000,
             0.583303, 0.923413,-0.498497, 1.000000;;
          }
        } // End of Armature_Bone_016_H_L
      } // End of Armature_Bone_005_H_L
      Frame Armature_Bone_007_H_L {
        FrameTransformMatrix {
           1.000000,-0.000000, 0.000000, 0.000000,
           0.000000,-1.000000,-0.000000, 0.000000,
           0.000000, 0.000000,-1.000000, 0.000000,
           0.000000, 0.000001, 0.000001, 1.000000;;
        }
      } // End of Armature_Bone_007_H_L
    } // End of Armature_Handle_H_L
    Frame Armature_Handle_L_L {
      FrameTransformMatrix {
         0.999818,-0.013500,-0.013499, 0.000000,
         0.013500, 0.000000, 0.999909, 0.000000,
        -0.013499,-0.999909, 0.000182, 0.000000,
         0.700000,-6.740427,-0.645611, 1.000000;;
      }
      Frame Armature_Bone_007_L {
        FrameTransformMatrix {
           0.999824, 0.018287,-0.004152, 0.000000,
           0.012412,-0.811334,-0.584451, 0.000000,
          -0.014056, 0.584297,-0.811418, 0.000000,
          -0.024972, 1.849825, 0.000416, 1.000000;;
        }
        Frame Armature_Bone_008_L {
          FrameTransformMatrix {
             0.999945, 0.009346, 0.004787, 0.000000,
            -0.010488, 0.911636, 0.410864, 0.000000,
            -0.000524,-0.410891, 0.911684, 0.000000,
             0.000000, 1.574287, 0.000001, 1.000000;;
          }
        } // End of Armature_Bone_008_L
      } // End of Armature_Bone_007_L
      Frame Armature_xGroup000_R {
        FrameTransformMatrix {
           0.968560, 0.174810,-0.177013, 0.000000,
          -0.177213, 0.984170, 0.002263, 0.000000,
           0.174607, 0.029177, 0.984206, 0.000000,
          -0.024972, 1.849825, 0.000416, 1.000000;;
        }
      } // End of Armature_xGroup000_R
    } // End of Armature_Handle_L_L
  } // End of Armature
} // End of Root
